  4.9999999E-03   8.000000    
  1.5000000E-02   8.000000    
  2.4999999E-02   8.000000    
  3.5000000E-02   8.000000    
  4.4999998E-02   8.000000    
  5.5000000E-02   8.000000    
  6.4999998E-02   8.000000    
  7.4999996E-02   8.000000    
  8.5000001E-02   8.000000    
  9.4999999E-02   8.000000    
  0.1050000       8.000000    
  0.1150000       8.000000    
  0.1250000       8.000000    
  0.1350000       8.000000    
  0.1450000       8.000000    
  0.1550000       8.000000    
  0.1650000       8.000000    
  0.1750000       8.000000    
  0.1850000       8.000000    
  0.1950000       8.000000    
  0.2050000       8.000000    
  0.2150000       8.000000    
  0.2250000       8.000000    
  0.2350000       8.000000    
  0.2450000       8.000000    
  0.2550000       8.000000    
  0.2650000       8.000000    
  0.2750000       8.000000    
  0.2850000       8.000000    
  0.2950000       8.000000    
  0.3050000       8.000000    
  0.3097043       8.000000    
  0.3097043       8.000000    
  0.3150000       7.816191    
  0.3250000       7.478310    
  0.3350000       7.152220    
  0.3450000       6.837603    
  0.3550000       6.534159    
  0.3650000       6.241582    
  0.3750000       5.959581    
  0.3850000       5.687869    
  0.3950000       5.426156    
  0.4050000       5.174170    
  0.4150000       4.931630    
  0.4250000       4.698272    
  0.4350000       4.473835    
  0.4450000       4.258057    
  0.4550000       4.050688    
  0.4650000       3.851475    
  0.4750000       3.660179    
  0.4850000       3.476563    
  0.4886980       3.410557    
  0.4886980       3.410557    
  0.4950000       3.410557    
  0.5050000       3.410557    
  0.5150000       3.410557    
  0.5250000       3.410557    
  0.5350000       3.410557    
  0.5450000       3.410557    
  0.5550000       3.410557    
  0.5650000       3.410557    
  0.5750000       3.410557    
  0.5850000       3.410557    
  0.5950000       3.410557    
  0.6050000       3.410557    
  0.6150000       3.410557    
  0.6250000       3.410557    
  0.6350000       3.410557    
  0.6450000       3.410557    
  0.6491614       3.410557    
  0.6491614       2.124589    
  0.6550000       2.124589    
  0.6650000       2.124589    
  0.6750000       2.124589    
  0.6850000       2.124589    
  0.6950000       2.124589    
  0.7050000       2.124589    
  0.7150000       2.124589    
  0.7250000       2.124589    
  0.7350000       2.124589    
  0.7450000       2.124589    
  0.7550000       2.124589    
  0.7650000       2.124589    
  0.7750000       2.124589    
  0.7817978       2.124589    
  0.7817978       1.000000    
  0.7850000       1.000000    
  0.7950000       1.000000    
  0.8050000       1.000000    
  0.8150000       1.000000    
  0.8250000       1.000000    
  0.8350000       1.000000    
  0.8450000       1.000000    
  0.8550000       1.000000    
  0.8650000       1.000000    
  0.8750000       1.000000    
  0.8850000       1.000000    
  0.8950000       1.000000    
  0.9050000       1.000000    
  0.9150000       1.000000    
  0.9250000       1.000000    
  0.9350000       1.000000    
  0.9450000       1.000000    
  0.9550000       1.000000    
  0.9650000       1.000000    
  0.9750000       1.000000    
  0.9850000       1.000000    
  0.9950000       1.000000    
 
