  4.9999999E-03   8.000000    
  1.5000000E-02   8.000000    
  2.4999999E-02   8.000000    
  3.5000000E-02   8.000000    
  4.4999998E-02   8.000000    
  5.5000000E-02   8.000000    
  6.4999998E-02   8.000000    
  7.4999996E-02   8.000000    
  8.5000001E-02   8.000000    
  9.4999999E-02   8.000000    
  0.1050000       8.000000    
  0.1150000       8.000000    
  0.1250000       8.000000    
  0.1350000       8.000000    
  0.1450000       8.000000    
  0.1550000       8.000000    
  0.1650000       8.000000    
  0.1750000       8.000000    
  0.1850000       8.000000    
  0.1950000       8.000000    
  0.2050000       8.000000    
  0.2150000       7.999995    
  0.2250000       7.999969    
  0.2350000       7.999836    
  0.2450000       7.999257    
  0.2550000       7.997133    
  0.2650000       7.990580    
  0.2750000       7.973458    
  0.2850000       7.935551    
  0.2950000       7.864123    
  0.3050000       7.748390    
  0.3150000       7.584461    
  0.3250000       7.376957    
  0.3350000       7.136457    
  0.3450000       6.875103    
  0.3550000       6.603332    
  0.3650000       6.328591    
  0.3750000       6.055551    
  0.3850000       5.786849    
  0.3950000       5.523821    
  0.4050000       5.267015    
  0.4150000       5.016544    
  0.4250000       4.772724    
  0.4350000       4.540428    
  0.4450000       4.320877    
  0.4550000       4.113524    
  0.4650000       3.919042    
  0.4750000       3.740152    
  0.4850000       3.583553    
  0.4950000       3.462839    
  0.5050000       3.398633    
  0.5150000       3.392802    
  0.5250000       3.394936    
  0.5350000       3.402780    
  0.5450000       3.403524    
  0.5550000       3.398843    
  0.5650000       3.396563    
  0.5750000       3.400630    
  0.5850000       3.402373    
  0.5950000       3.396912    
  0.6050000       3.383383    
  0.6150000       3.354597    
  0.6250000       3.282822    
  0.6350000       3.123777    
  0.6450000       2.850777    
  0.6550000       2.511210    
  0.6650000       2.292192    
  0.6750000       2.184419    
  0.6850000       2.136600    
  0.6950000       2.117424    
  0.7050000       2.112302    
  0.7150000       2.113552    
  0.7250000       2.116555    
  0.7350000       2.118086    
  0.7450000       2.119418    
  0.7550000       2.120883    
  0.7650000       2.123461    
  0.7750000       2.112320    
  0.7850000       1.319077    
  0.7950000       1.003033    
  0.8050000       1.000014    
  0.8150000       1.000000    
  0.8250000       1.000000    
  0.8350000       1.000000    
  0.8450000       1.000000    
  0.8550000       1.000000    
  0.8650000       1.000000    
  0.8750000       1.000000    
  0.8850000       1.000000    
  0.8950000       1.000000    
  0.9050000       1.000000    
  0.9150000       1.000000    
  0.9250000       1.000000    
  0.9350000       1.000000    
  0.9450000       1.000000    
  0.9550000       1.000000    
  0.9650000       1.000000    
  0.9750000       1.000000    
  0.9850000       1.000000    
  0.9950000       1.000000    
 
